1334294042,21666,27512
1334294104,21672,27517
1334294163,21676,27518
1334294223,21678,27524
1334294283,21683,27532
1334294343,21686,27534
1334294408,21691,27540
1334294463,21691,27542
1334294523,21699,27547
1334294583,21703,27550
1334294642,21708,27557
1334294702,21709,27557
1334294763,21711,27560
1334294823,21711,27566
1334294883,21711,27571
1334294943,21713,27579
1334295008,21720,27588
1334295063,21721,27592
1334295123,21724,27598
1334295183,21727,27603
1334295242,21742,27610
1334295303,21760,27623
1334295362,21776,27627
1334295422,21784,27630
1334295483,21792,27637
1334295542,21804,27648
1334295608,21814,27655
1334295662,21818,27661
1334295723,21824,27670
1334295782,21829,27674
1334295842,21838,27676
1334295908,21845,27679
1334295963,21873,27684
1334296023,21890,27691
1334296082,21901,27697
1334296142,21908,27702
1334296208,21916,27712
1334296262,21920,27724
1334296322,21937,27734
1334296383,21970,27741
1334296442,22011,27751
1334296502,22024,27761
1334296562,22031,27765
1334296623,22034,27777
1334296682,22044,27784
1334296742,22055,27791
1334296808,22060,27795
1334296863,22066,27799
1334296922,22072,27805
1334296983,22076,27816
1334297042,22082,27826
1334297108,22091,27835
1334297164,22094,27841
1334297223,22098,27845
1334297283,22105,27848
1334297343,22109,27854
1334297403,22118,27860
1334297463,22122,27865
1334297523,22131,27877
1334297583,22136,27883
1334297643,22148,27887
1334297702,22152,27896
1334297762,22158,27901
1334297822,22161,27912
1334297882,22166,27920
1334297943,22172,27925
1334298003,22181,27934
1334298063,22189,27941
1334298123,22197,27949
1334298182,22205,27956
1334298243,22209,27963
1334298302,22214,27971
1334298362,22226,27978
1334298423,22236,27984
1334298482,22248,27992
1334298543,22253,28001
1334298602,22263,28012
1334298662,22270,28017
1334298722,22276,28031
1334298783,22284,28041
1334298842,22295,28059
1334298903,22306,28068
1334298962,22315,28080
1334299023,22321,28083
1334299082,22330,28092
1334299143,22335,28101
1334299202,22343,28108
1334299263,22353,28116
1334299322,22357,28128
1334299383,22365,28137
1334299442,22375,28142
1334299502,22382,28151
1334299562,22389,28159
1334299622,22397,28164
1334299683,22406,28172
1334299742,22420,28184
1334299808,22430,28196
1334299862,22437,28203
1334299923,22443,28209
1334299983,22449,28215
1334300043,22462,28220
1334300102,22466,28226
1334300163,22473,28231
1334300223,22478,28238
1334300282,22487,28242
1334300343,22497,28249
1334300408,22501,28258
1334300462,22510,28260
1334300522,22521,28265
1334300583,22534,28275
1334300642,22541,28286
1334300713,22548,28299
1334300762,22553,28306
1334300822,22557,28315
1334300882,22565,28325
1334300943,22568,28333
1334301002,22570,28338
1334301062,22575,28343
1334301122,22580,28349
1334301183,22592,28354
1334301242,22598,28360
1334301303,22603,28367
1334301363,22606,28382
1334301422,22612,28391
1334301482,22615,28400
1334301543,22619,28409
1334301602,22622,28414
1334301662,22627,28423
1334301722,22634,28427
1334301782,22640,28435
1334301843,22645,28445
1334301902,22650,28455
1334301962,22660,28461
1334302022,22667,28472
1334302082,22670,28477
1334302142,22677,28482
1334302202,22684,28491
1334302263,22692,28500
1334302323,22697,28509
1334302382,22704,28515
1334302442,22708,28519
1334302507,22714,28525
1334302563,22720,28528
1334302622,22729,28531
1334302683,22732,28538
1334302742,22742,28547
1334302803,22753,28553
1334302862,22761,28558
1334302923,22771,28564
1334302982,22776,28564
1334303042,22782,28570
1334303107,22792,28575
1334303162,22793,28580
1334303223,22798,28590
1334303282,22803,28601
1334303342,22809,28604
1334303407,22816,28607
1334303462,22830,28614
1334303522,22845,28620
1334303583,22849,28622
1334303642,22856,28630
1334303703,22862,28639
1334303763,22873,28648
1334303824,22888,28650
1334303882,22892,28657
1334303943,22895,28664
1334304023,22909,28673
1334304062,22911,28680
1334304123,22920,28693
1334304182,22923,28700
1334304242,22927,28706
1334304308,22933,28712
1334304363,22940,28724
1334304422,22945,28726
1334304482,22950,28730
1334304543,22955,28735
1334304602,22955,28740
1334304662,22957,28746
1334304722,22961,28747
1334304783,22965,28750
1334304842,22967,28751
1334304903,22970,28755
1334304962,22985,28762
1334305023,22999,28768
1334305082,23008,28774
1334305143,23016,28782
1334305202,23020,28786
1334305263,23025,28788
1334305323,23034,28795
1334305382,23044,28803
1334305442,23053,28806
1334305507,23067,28814
1334305563,23076,28818
1334305622,23080,28823
1334305682,23089,28834
1334305742,23103,28844
1334305803,23114,28851
1334305863,23132,28857
1334305922,23145,28868
1334305983,23162,28875
1334306043,23178,28884
1334306102,23189,28892
1334306163,23193,28900
1334306223,23202,28914
1334306282,23216,28923
1334306343,23229,28932
1334306408,23240,28937
1334306463,23252,28947
1334306523,23269,28953
1334306582,23279,28956
1334306642,23285,28962
1334306702,23304,28965
1334306762,23314,28972
1334306822,23320,28979
1334306882,23326,28990
1334306942,23335,29000
1334307002,23340,29009
1334307062,23351,29014
1334307123,23360,29027
1334307182,23374,29034
1334307242,23388,29044
1334307307,23401,29051
1334307362,23413,29060
1334307426,23426,29069
1334307483,23446,29075
1334307543,23458,29085
1334307607,23475,29090
1334307662,23482,29100
1334307723,23487,29113
1334307782,23494,29119
1334307846,23501,29127
1334307902,23509,29130
1334307963,23523,29134
1334308022,23535,29142
1334308082,23543,29146
1334308143,23548,29146
1334308202,23560,29151
1334308262,23566,29154
1334308322,23575,29162
1334308384,23580,29170
1334308442,23583,29173
1334308507,23594,29183
1334308562,23599,29188
1334308622,23608,29197
1334308683,23616,29212
1334308742,23622,29225
1334308802,23637,29230
1334308863,23646,29234
1334308922,23658,29240
1334308983,23662,29249
1334309042,23673,29256
1334309102,23679,29262
1334309163,23694,29270
1334309222,23711,29278
1334309283,23721,29283
1334309343,23729,29291
1334309402,23734,29306
1334309462,23739,29314
1334309522,23747,29326
1334309582,23750,29338
1334309642,23761,29351
1334309702,23780,29354
1334309762,23790,29358
1334309823,23793,29366
1334309882,23804,29372
1334309942,23816,29378
1334310007,23826,29385
1334310062,23835,29388
1334310122,23839,29394
1334310183,23844,29396
1334310242,23847,29401
1334310303,23858,29411
1334310362,23864,29420
1334310422,23870,29426
1334310483,23876,29433
1334310542,23885,29439
1334310602,23892,29446
1334310663,23897,29452
1334310722,23899,29456
1334310782,23900,29463
1334310842,23900,29464
1334310903,23902,29464
1334310962,23908,29475
1334311022,23914,29479
1334311083,23923,29486
1334311142,23926,29497
1334311213,23933,29506
1334311263,23935,29512
1334311322,23942,29522
1334311382,23947,29527
1334311443,23954,29533
1334311502,23959,29539
1334311563,23965,29545
1334311622,23970,29556
1334311682,23973,29559
1334311742,23977,29567
1334311807,23987,29573
1334311863,23995,29581
1334311923,24009,29590
1334311982,24021,29597
1334312042,24033,29605
1334312102,24044,29614
1334312163,24055,29620
1334312223,24066,29628
1334312283,24072,29633
1334312343,24076,29639
1334312403,24087,29647
1334312462,24099,29656
1334312522,24114,29663
1334312584,24135,29674
1334312643,24140,29680
1334312703,24150,29689
1334312763,24160,29695
1334312823,24173,29701
1334312882,24179,29710
1334312943,24183,29721
1334313015,24190,29736
1334313063,24190,29739
1334313123,24202,29744
1334313182,24210,29750
1334313243,24219,29757
1334313302,24222,29757
1334313362,24230,29764
1334313422,24242,29772
1334313483,24246,29782
1334313542,24256,29794
1334313603,24267,29796
1334313662,24286,29803
1334313723,24297,29806
1334313782,24305,29813
1334313842,24311,29822
1334313908,24324,29828
1334313962,24336,29836
1334314022,24345,29839
1334314082,24357,29845
1334314142,24361,29855
1334314202,24368,29861
1334314262,24372,29868
1334314322,24375,29875
1334314383,24381,29882
1334314443,24392,29888
1334314502,24405,29891
1334314562,24406,29901
1334314622,24412,29905
1334314683,24416,29910
1334314742,24421,29920
1334314804,24428,29928
1334314863,24441,29938
1334314922,24445,29947
1334314982,24447,29957
1334315042,24451,29964
1334315103,24456,29974
1334315162,24467,29980
1334315223,24469,29989
1334315282,24476,29993
1334315342,24477,30002
1334315402,24481,30008
1334315462,24490,30013
1334315523,24493,30016
1334315582,24495,30017
1334315642,24503,30021
1334315708,24512,30028
1334315763,24517,30035
1334315823,24521,30041
1334315883,24522,30046
1334315942,24522,30049
1334316008,24525,30052
1334316064,24536,30055
1334316123,24540,30061
1334316182,24543,30068
1334316243,24556,30078
1334316302,24575,30088
1334316362,24581,30094
1334316423,24583,30101
1334316482,24585,30106
1334316542,24592,30113
1334316608,24601,30119
1334316662,24614,30126
1334316723,24617,30134
1334316782,24627,30139
1334316842,24635,30146
1334316904,24641,30150
1334316962,24649,30155
1334317022,24656,30161
1334317082,24663,30167
1334317143,24676,30173
1334317202,24687,30184
1334317263,24694,30191
1334317322,24702,30199
1334317383,24710,30207
1334317443,24718,30211
1334317502,24722,30215
1334317561,24729,30223
1334317623,24736,30234
1334317682,24738,30239
1334317742,24742,30245
1334317803,24745,30252
1334317863,24755,30260
1334317923,24760,30267
1334317982,24765,30273
1334318042,24767,30279
1334318102,24778,30285
1334318162,24784,30297
1334318224,24790,30307
1334318282,24796,30318
1334318342,24806,30323
1334318407,24829,30330
1334318462,24839,30340
1334318522,24846,30344
1334318583,24858,30348
1334318642,24878,30360
1334318703,24885,30370
1334318762,24900,30379
1334318825,24905,30385
1334318883,24921,30395
1334318943,24930,30402
1334319003,24939,30407
1334319062,24953,30415
1334319122,24961,30422
1334319183,24979,30427
1334319242,24993,30433
1334319302,25013,30440
1334319362,25037,30453
1334319422,25056,30461
1334319482,25064,30470
1334319542,25081,30480
1334319602,25099,30492
1334319662,25111,30501
1334319722,25117,30507
1334319783,25132,30516
1334319842,25140,30522
1334319902,25150,30527
1334319962,25162,30538
1334320022,25174,30544
1334320083,25175,30556
1334320142,25182,30561
1334320207,25200,30572
1334320263,25207,30576
1334320322,25222,30589
1334320382,25238,30599
1334320443,25253,30605
1334320507,25265,30620
1334320563,25277,30632
1334320622,25288,30641
1334320682,25300,30652
1334320742,25309,30659
1334320807,25317,30665
1334320862,25330,30676
1334320923,25345,30683
1334320982,25356,30692
1334321042,25367,30701
1334321102,25377,30710
1334321163,25384,30714
1334321222,25396,30724
1334321283,25407,30734
1334321342,25414,30744
1334321407,25432,30753
1334321462,25444,30759
1334321523,25454,30768
1334321582,25465,30778
1334321642,25473,30785
1334321703,25479,30792
1334321762,25486,30796
1334321823,25494,30805
1334321883,25503,30812
1334321942,25509,30820
1334322007,25514,30826
1334322062,25515,30831
1334322122,25526,30840
1334322182,25531,30848
1334322242,25539,30852
1334322321,25548,30866
1334322362,25551,30872
1334322425,25556,30874
1334322482,25562,30879
1334322542,25566,30881
1334322603,25567,30887
1334322662,25575,30901
1334322723,25581,30912
1334322782,25589,30925
1334322843,25596,30941
1334322902,25607,30955
1334322962,25618,30969
1334323022,25628,30978
1334323082,25639,30994
1334323143,25647,31006
1334323202,25652,31016
1334323263,25663,31025
1334323322,25673,31034
1334323382,25683,31043
1334323442,25691,31054
1334323503,25699,31065
1334323562,25710,31078
1334323622,25715,31085
1334323682,25720,31099
1334323743,25729,31105
1334323802,25736,31114
1334323863,25743,31127
1334323923,25752,31143
1334323982,25761,31157
1334324042,25766,31175
1334324107,25775,31186
1334324162,25777,31198
1334324222,25781,31210
1334324283,25790,31221
1334324342,25793,31231
1334324402,25805,31248
1334324462,25811,31263
1334324522,25822,31272
1334324582,25827,31286
1334324643,25841,31298
1334324702,25856,31306
1334324762,25872,31320
1334324823,25879,31331
1334324882,25887,31342
1334324943,25895,31358
1334325003,25904,31362
1334325063,25925,31375
1334325123,25937,31382
1334325183,25951,31397
1334325242,25959,31410
1334325302,25968,31422
1334325362,25975,31438
1334325424,25986,31454
1334325482,25992,31462
1334325542,25999,31470
1334325602,26016,31483
1334325662,26029,31492
1334325722,26037,31505
1334325782,26045,31508
1334325842,26058,31527
1334325902,26076,31542
1334325963,26089,31547
1334326022,26110,31563
1334326082,26122,31578
1334326142,26141,31591
1334326203,26160,31607
1334326262,26177,31627
1334326322,26195,31638
1334326382,26204,31648
1334326443,26212,31663
1334326502,26222,31678
1334326562,26234,31695
1334326622,26246,31709
1334326683,26258,31721
1334326742,26269,31727
1334326802,26282,31736
1334326862,26294,31748
1334326922,26306,31759
1334326982,26317,31771
1334327043,26329,31785
1334327102,26342,31803
1334327162,26359,31811
1334327222,26369,31827
1334327283,26387,31844
1334327343,26398,31861
1334327402,26414,31879
1334327463,26432,31897
1334327522,26446,31911
1334327582,26459,31923
1334327642,26475,31942
1334327702,26483,31952
1334327762,26494,31964
1334327822,26506,31979
1334327882,26521,31999
1334327943,26532,32014
1334328002,26548,32025
1334328062,26565,32045
1334328122,26580,32064
1334328182,26598,32078
1334328245,26602,32095
1334328302,26611,32118
1334328362,26618,32133
1334328423,26633,32153
1334328483,26649,32171
1334328542,26663,32194
1334328608,26676,32225
1334328662,26682,32239
1334328722,26696,32270
1334328783,26705,32286
1334328842,26720,32305
1334328902,26732,32319
1334328963,26749,32329
1334329024,26765,32344
1334329082,26774,32361
1334329142,26782,32377
1334329208,26800,32392
1334329262,26816,32402
1334329322,26819,32407
1334329384,26834,32424
1334329442,26844,32433
1334329503,26850,32440
1334329563,26858,32452
1334329622,26861,32467
1334329682,26868,32480
1334329742,26882,32491
1334329802,26885,32503
1334329862,26902,32518
1334329922,26911,32529
1334329983,26927,32546
1334330042,26937,32559
1334330103,26948,32575
1334330163,26959,32585
1334330223,26971,32601
1334330283,26979,32610
1334330342,26992,32619
1334330409,27004,32635
1334330463,27018,32644
1334330522,27030,32661
1334330583,27038,32670
1334330642,27044,32679
1334330702,27051,32695
1334330763,27060,32704
1334330822,27066,32714
1334330882,27074,32728
1334330943,27077,32739
1334331002,27083,32750
1334331062,27088,32759
1334331122,27094,32766
1334331182,27101,32776
1334331242,27105,32788
1334331302,27113,32806
1334331362,27125,32819
1334331423,27142,32835
1334331482,27148,32844
1334331542,27154,32855
1334331607,27168,32862
1334331663,27171,32870
1334331722,27173,32886
1334331782,27180,32893
1334331843,27189,32903
1334331907,27200,32915
1334331962,27206,32920
1334332022,27209,32930
1334332082,27214,32937
1334332143,27218,32948
1334332202,27222,32956
1334332265,27232,32963
1334332322,27238,32973
1334332382,27249,32982
1334332442,27252,32997
1334332508,27261,33008
1334332563,27265,33014
1334332622,27269,33018
1334332682,27271,33029
1334332743,27276,33044
1334332807,27284,33060
1334332862,27287,33069
1334332922,27297,33084
1334332982,27302,33089
1334333042,27303,33098
1334333102,27307,33104
1334333162,27309,33105
1334333222,27316,33109
1334333282,27326,33111
1334333343,27333,33120
1334333402,27340,33126
1334333463,27347,33135
1334333522,27354,33142
1334333582,27362,33149
1334333642,27367,33155
1334333708,27372,33160
1334333762,27376,33166
1334333822,27378,33175
1334333883,27380,33191
1334333942,27386,33204
1334334002,27394,33212
1334334062,27400,33218
1334334122,27404,33224
1334334182,27407,33233
1334334246,27417,33239
1334334302,27424,33255
1334334363,27431,33269
1334334422,27437,33284
1334334482,27444,33294
1334334542,27449,33305
1334334603,27453,33310
1334334662,27455,33318
1334334722,27462,33328
1334334782,27467,33332
1334334843,27475,33336
1334334902,27479,33349
1334334962,27482,33358
1334335023,27490,33364
1334335082,27495,33369
1334335142,27498,33377
1334335202,27506,33385
1334335262,27514,33391
1334335322,27522,33399
1334335383,27530,33403
1334335442,27536,33407
1334335507,27539,33411
1334335562,27550,33415
1334335622,27562,33419
1334335683,27570,33427
1334335742,27578,33433
1334335802,27586,33437
1334335863,27597,33450
1334335922,27606,33455
1334335982,27616,33460
1334336043,27628,33469
1334336102,27634,33476
1334336162,27639,33484
1334336223,27643,33492
1334336282,27650,33498
1334336342,27660,33505
1334336413,27666,33512
1334336463,27671,33518
1334336523,27700,33530
1334336582,27733,33531
1334336643,27746,33541
1334336708,27748,33549
1334336762,27757,33557
1334336823,27772,33564
1334336883,27777,33567
1334336942,27787,33572
1334337003,27795,33579
1334337062,27801,33579
1334337122,27810,33584
1334337182,27820,33588
1334337243,27829,33593
1334337302,27838,33599
1334337363,27842,33607
1334337422,27848,33609
1334337482,27854,33614
1334337542,27860,33620
1334337608,27865,33625
1334337662,27872,33635
1334337722,27881,33636
1334337782,27889,33636
1334337842,27899,33640
1334337908,27904,33646
1334337962,27911,33650
1334338023,27920,33653
1334338082,27931,33657
1334338142,27935,33665
1334338207,27941,33669
1334338262,27946,33672
1334338322,27957,33674
1334338383,27966,33680
1334338442,27974,33682
1334338502,27981,33685
1334338562,27987,33687
1334338622,27994,33688
1334338682,28001,33691
1334338742,28008,33694
1334338803,28016,33697
1334338862,28028,33702
1334338923,28033,33703
1334338982,28044,33709
1334339043,28053,33716
1334339102,28066,33720
1334339162,28077,33722
1334339223,28087,33726
1334339282,28094,33728
1334339342,28104,33731
1334339407,28114,33733
1334339462,28122,33737
1334339522,28131,33740
1334339583,28145,33741
1334339643,28157,33743
1334339707,28179,33750
1334339762,28187,33753
1334339822,28209,33754
1334339883,28211,33757
1334339942,28221,33757
1334340013,28229,33758
1334340063,28240,33760
1334340122,28250,33762
1334340182,28255,33762
1334340244,28262,33766
1334340302,28268,33772
1334340364,28273,33776
1334340422,28285,33780
1334340482,28297,33780
1334340542,28302,33782
1334340602,28309,33782
1334340663,28313,33783
1334340723,28321,33784
1334340782,28327,33785
1334340842,28340,33787
1334340902,28344,33788
1334340962,28349,33790
1334341023,28354,33791
1334341082,28365,33793
1334341142,28373,33793
1334341202,28381,33794
1334341262,28388,33794
1334341322,28395,33797
1334341383,28400,33799
1334341442,28405,33800
1334341502,28409,33803
1334341562,28413,33804
1334341622,28419,33805
1334341683,28425,33808
1334341742,28435,33808
1334341803,28439,33809
1334341863,28443,33810
1334341922,28448,33811
1334341982,28456,33813
1334342043,28464,33814
1334342104,28470,33815
1334342162,28476,33815
1334342222,28481,33815
1334342282,28485,33816
1334342342,28492,33816
1334342403,28498,33816
1334342462,28499,33816
1334342523,28503,33816
1334342582,28509,33817
1334342642,28513,33819
1334342702,28516,33819
1334342763,28527,33820
1334342822,28532,33820
1334342882,28536,33821
1334342942,28539,33821
1334343007,28545,33821
1334343062,28551,33821
1334343123,28552,33821
1334343182,28556,33821
1334343243,28559,33821
1334343302,28562,33821
1334343363,28569,33822
1334343423,28571,33822
1334343482,28571,33822
1334343542,28574,33822
1334343607,28576,33824
1334343662,28579,33824
1334343722,28580,33824
1334343783,28582,33824
1334343842,28585,33825
1334343902,28586,33825
1334343963,28588,33825
1334344022,28590,33826
1334344082,28591,33827
1334344142,28594,33827
1334344209,28598,33828
1334344263,28599,33828
1334344322,28603,33828
1334344382,28608,33828
1334344443,28611,33830
1334344503,28616,33830
1334344562,28621,33830
1334344622,28628,33830
1334344683,28631,33830
1334344742,28633,33830
1334344803,28636,33831
1334344862,28639,33831
1334344922,28643,33831
1334344982,28646,33831
1334345042,28647,33832
1334345102,28652,33832
1334345163,28655,33833
1334345222,28657,33833
1334345282,28657,33834
1334345342,28659,33834
1334345407,28664,33834
1334345463,28672,33834
1334345522,28673,33834
1334345583,28678,33834
1334345642,28679,33834
1334345702,28683,33834
1334345763,28689,33834
1334345822,28694,33835
1334345882,28697,33835
1334345942,28698,33835
1334346003,28699,33835
1334346062,28701,33835
1334346122,28702,33835
1334346182,28705,33835
1334346242,28708,33835
1334346307,28710,33835
1334346363,28711,33835
1334346423,28715,33835
1334346482,28716,33835
1334346542,28720,33836
1334346602,28723,33837
1334346662,28723,33837
1334346722,28723,33838
1334346783,28723,33838
1334346842,28726,33841
1334346902,28728,33841
1334346962,28729,33841
1334347022,28729,33841
1334347082,28732,33841
1334347142,28739,33842
1334347203,28740,33842
1334347262,28741,33842
1334347322,28741,33842
1334347382,28741,33842
1334347442,28741,33842
1334347503,28742,33842
1334347562,28743,33842
1334347622,28745,33842
1334347682,28747,33842
1334347742,28747,33842
1334347803,28747,33842
1334347862,28749,33843
1334347922,28749,33843
1334347983,28752,33843
1334348042,28755,33843
1334348108,28758,33843
1334348162,28758,33843
1334348222,28761,33844
1334348282,28762,33844
1334348342,28764,33844
1334348402,28767,33844
1334348462,28768,33844
1334348524,28770,33844
1334348582,28770,33844
1334348642,28771,33844
1334348707,28772,33845
1334348762,28772,33845
1334348823,28773,33845
1334348882,28775,33845
1334348942,28776,33845
1334349012,28777,33845
1334349063,28778,33845
1334349122,28780,33845
1334349183,28781,33845
1334349242,28784,33845
1334349302,28784,33845
1334349362,28785,33846
1334349422,28785,33846
1334349482,28785,33846
1334349542,28786,33846
1334349608,28786,33846
1334349662,28787,33846
1334349722,28789,33846
1334349782,28791,33846
1334349842,28791,33846
1334349903,28793,33846
1334349962,28794,33846
1334350022,28794,33846
1334350083,28794,33846
1334350142,28795,33846
1334350208,28796,33846
1334350262,28796,33846
1334350323,28797,33847
1334350382,28798,33847
1334350442,28798,33847
1334350503,28798,33847
1334350562,28799,33847
1334350623,28800,33847
1334350683,28800,33847
1334350742,28801,33847
1334350812,28801,33847
1334350861,28801,33847
1334350922,28801,33847
1334350982,28802,33847
1334351042,28802,33847
1334351108,28803,33847
1334351162,28803,33847
1334351222,28803,33847
1334351283,28803,33847
1334351342,28803,33847
1334351407,28803,33847
1334351463,28803,33847
1334351523,28805,33847
1334351582,28806,33847
1334351643,28806,33847
1334351707,28806,33847
1334351762,28807,33847
1334351823,28809,33847
1334351884,28810,33847
1334351942,28811,33847
1334352008,28811,33847
1334352062,28812,33847
1334352122,28812,33847
1334352183,28815,33847
1334352242,28815,33847
1334352302,28816,33847
1334352362,28818,33847
1334352423,28820,33847
1334352482,28821,33847
1334352543,28821,33847
1334352602,28821,33847
1334352663,28822,33847
1334352723,28824,33847
1334352782,28824,33847
1334352842,28824,33847
1334352903,28825,33847
1334352963,28825,33847
1334353022,28827,33847
1334353082,28827,33847
1334353143,28827,33847
1334353202,28827,33847
1334353263,28828,33847
1334353322,28828,33847
1334353383,28828,33847
1334353442,28828,33847
1334353503,28828,33847
1334353562,28829,33847
1334353623,28830,33847
1334353682,28831,33847
1334353742,28831,33847
1334353808,28833,33847
1334353862,28833,33847
1334353923,28835,33847
1334353982,28835,33847
1334354042,28841,33847
1334354103,28841,33847
1334354163,28843,33847
1334354222,28843,33847
1334354282,28844,33847
1334354343,28844,33847
1334354407,28844,33847
1334354462,28844,33847
1334354523,28845,33847
1334354583,28846,33847
1334354642,28848,33847
1334354707,28849,33847
1334354762,28849,33847
1334354822,28850,33847
1334354883,28850,33847
1334354942,28850,33847
1334355002,28850,33847
1334355062,28853,33847
1334355122,28853,33847
1334355183,28853,33847
1334355242,28855,33847
1334355304,28855,33848
1334355362,28855,33848
1334355422,28855,33848
1334355482,28857,33848
1334355542,28857,33848
1334355603,28857,33848
1334355663,28857,33848
1334355722,28857,33848
1334355782,28857,33848
1334355843,28857,33848
1334355902,28858,33849
1334355962,28858,33849
1334356022,28858,33849
1334356083,28858,33849
1334356142,28858,33849
1334356203,28859,33849
1334356266,28860,33849
1334356322,28861,33849
1334356382,28861,33849
1334356443,28861,33849
1334356502,28862,33849
1334356562,28865,33849
1334356623,28865,33849
1334356682,28867,33849
1334356742,28868,33849
1334356807,28868,33849
1334356862,28868,33849
1334356923,28870,33849
1334356982,28870,33849
1334357043,28871,33849
1334357102,28871,33849
1334357162,28871,33849
1334357222,28871,33849
1334357283,28871,33849
1334357342,28873,33849
1334357407,28873,33849
1334357462,28875,33849
1334357523,28875,33849
1334357582,28875,33849
1334357642,28876,33849
1334357703,28877,33849
1334357762,28878,33849
1334357822,28879,33849
1334357883,28879,33849
1334357942,28880,33849
1334358013,28880,33849
1334358062,28882,33849
1334358123,28882,33849
1334358182,28883,33849
1334358243,28883,33849
1334358307,28884,33849
1334358363,28884,33849
1334358422,28886,33849
1334358482,28887,33849
1334358543,28887,33849
1334358607,28888,33849
1334358663,28888,33849
1334358722,28888,33850
1334358783,28888,33850
1334358842,28889,33850
1334358908,28889,33850
1334358962,28889,33850
1334359022,28892,33850
1334359082,28893,33850
1334359142,28894,33850
1334359207,28895,33850
1334359262,28897,33850
1334359323,28897,33850
1334359382,28898,33850
1334359443,28901,33850
1334359502,28903,33850
1334359563,28905,33850
1334359622,28905,33850
1334359682,28907,33850
1334359743,28908,33850
1334359807,28908,33850
1334359863,28909,33850
1334359923,28910,33850
1334359985,28912,33850
1334360042,28912,33850
1334360103,28913,33850
1334360163,28913,33850
1334360222,28913,33851
1334360282,28913,33851
1334360343,28914,33851
1334360402,28914,33851
1334360463,28915,33851
1334360522,28916,33851
1334360583,28917,33852
1334360642,28917,33852
1334360703,28919,33853
1334360762,28920,33853
1334360823,28921,33853
1334360882,28924,33853
1334360942,28924,33854
1334361003,28924,33854
1334361063,28924,33854
1334361123,28927,33855
1334361182,28928,33855
1334361242,28930,33855
1334361303,28930,33855
1334361362,28933,33855
1334361423,28933,33856
1334361482,28935,33856
1334361542,28936,33856
1334361603,28936,33856
1334361661,28938,33856
1334361722,28943,33857
1334361782,28943,33858
1334361842,28946,33858
1334361903,28947,33859
1334361962,28947,33859
1334362022,28949,33859
1334362083,28949,33859
1334362142,28950,33859
1334362204,28950,33859
1334362263,28951,33859
1334362323,28954,33859
1334362382,28955,33859
1334362442,28955,33859
1334362503,28955,33859
1334362563,28955,33859
1334362621,28956,33859
1334362682,28956,33860
1334362742,28959,33860
1334362803,28960,33861
1334362862,28961,33862
1334362922,28963,33863
1334362982,28969,33863
1334363043,28971,33863
1334363102,28972,33863
1334363162,28976,33863
1334363223,28979,33863
1334363282,28981,33863
1334363343,28981,33863
1334363402,28983,33863
1334363462,28984,33863
1334363522,28985,33863
1334363582,28985,33863
1334363643,28985,33863
1334363702,28985,33863
1334363763,28985,33863
1334363822,28988,33863
1334363883,28989,33863
1334363942,28990,33863
1334364003,28990,33863
1334364063,28990,33863
1334364123,28990,33863
1334364182,28990,33864
1334364243,28991,33865
1334364303,28991,33865
1334364363,28991,33865
1334364422,28991,33866
1334364482,28992,33866
1334364543,28992,33866
1334364602,28992,33866
1334364662,28992,33866
1334364722,28992,33866
1334364783,28993,33867
1334364842,28993,33867
1334364907,28994,33868
1334364963,28994,33869
1334365031,28994,33869
1334365082,28995,33870
1334365143,28995,33870
1334365203,28996,33871
1334365263,28996,33871
1334365323,28997,33871
1334365382,28997,33871
1334365442,28998,33872
1334365503,28998,33872
1334365562,28998,33873
1334365623,28999,33874
1334365682,28999,33874
1334365743,28999,33874
1334365803,28999,33874
1334365862,29000,33874
1334365923,29001,33875
1334365982,29001,33875
1334366043,29001,33875
1334366103,29001,33876
1334366162,29002,33876
1334366222,29002,33877
1334366283,29002,33877
1334366343,29002,33878
1334366402,29002,33879
1334366462,29003,33880
1334366523,29003,33881
1334366583,29004,33886
1334366642,29005,33886
1334366702,29006,33886
1334366763,29007,33888
1334366822,29007,33888
1334366882,29007,33891
1334366943,29007,33891
1334367002,29007,33894
1334367063,29009,33896
1334367123,29009,33898
1334367182,29010,33899
1334367243,29013,33900
1334367302,29013,33900
1334367362,29015,33903
1334367423,29015,33904
1334367482,29017,33908
1334367542,29018,33908
1334367603,29020,33909
1334367662,29022,33913
1334367722,29024,33914
1334367782,29025,33919
1334367843,29025,33923
1334367902,29028,33927
1334367962,29031,33930
1334368023,29033,33932
1334368083,29037,33936
1334368143,29039,33937
1334368203,29040,33940
1334368263,29043,33941
1334368323,29045,33943
1334368383,29045,33945
1334368442,29047,33945
1334368502,29052,33949
1334368563,29053,33951
1334368622,29056,33952
1334368682,29058,33956
1334368743,29061,33956
1334368802,29062,33960
1334368862,29063,33965
1334368922,29069,33967
1334368983,29072,33969
1334369042,29073,33972
1334369103,29075,33973
1334369163,29080,33977
1334369223,29080,33981
1334369282,29084,33988
1334369342,29090,33995
1334369403,29093,33998
1334369462,29098,34001
1334369523,29098,34001
1334369582,29102,34006
1334369643,29107,34010
1334369702,29108,34013
1334369762,29109,34019
1334369823,29110,34024
1334369882,29115,34029
1334369942,29117,34031
1334370003,29120,34035
1334370062,29123,34038
1334370122,29130,34046
1334370182,29132,34052
1334370243,29134,34055
1334370302,29138,34062
1334370362,29142,34065
1334370423,29144,34069
1334370482,29151,34071
1334370542,29155,34073
1334370602,29156,34077
1334370663,29161,34086
1334370723,29163,34089
1334370783,29167,34092
1334370843,29171,34097
1334370904,29171,34098
1334370963,29171,34101
1334371023,29175,34106
1334371083,29177,34113
1334371143,29178,34119
1334371203,29179,34125
1334371263,29180,34132
1334371323,29182,34135
1334371382,29189,34138
1334371442,29190,34145
1334371504,29194,34150
1334371563,29199,34154
1334371622,29204,34160
1334371683,29207,34164
1334371743,29208,34169
1334371802,29211,34177
1334371862,29214,34180
1334371922,29215,34183
1334371983,29217,34187
1334372042,29221,34194
1334372103,29225,34200
1334372162,29229,34211
1334372223,29231,34217
1334372282,29234,34220
1334372342,29238,34224
1334372405,29241,34228
1334372462,29245,34234
1334372523,29247,34243
1334372583,29250,34245
1334372642,29253,34251
1334372703,29255,34255
1334372762,29257,34266
1334372823,29258,34269
1334372882,29260,34280
1334372944,29263,34284
1334373003,29264,34292
1334373062,29265,34296
1334373122,29267,34303
1334373182,29272,34307
1334373243,29276,34310
1334373302,29286,34315
1334373362,29290,34327
1334373422,29296,34334
1334373482,29301,34339
1334373543,29305,34344
1334373602,29311,34348
1334373663,29317,34352
1334373722,29320,34364
1334373784,29323,34366
1334373842,29325,34371
1334373903,29327,34375
1334373962,29331,34378
1334374023,29337,34385
1334374082,29342,34388
1334374142,29349,34392
1334374203,29353,34396
1334374262,29355,34400
1334374323,29357,34403
1334374382,29359,34407
1334374443,29360,34413
1334374502,29362,34424
1334374563,29366,34431
1334374622,29368,34437
1334374682,29371,34443
1334374743,29374,34452
1334374802,29376,34461
1334374863,29381,34473
1334374922,29384,34475
1334374983,29392,34479
1334375042,29398,34482
1334375103,29405,34488
1334375162,29407,34497
1334375222,29413,34500
1334375283,29419,34513
1334375342,29422,34518
1334375402,29431,34526
1334375462,29440,34542
1334375523,29448,34547
1334375582,29457,34550
1334375642,29463,34552
1334375703,29468,34558
1334375762,29475,34565
1334375823,29481,34574
1334375882,29482,34575
1334375942,29486,34582
1334376004,29486,34585
1334376063,29491,34596
1334376122,29493,34607
1334376183,29497,34613
1334376242,29499,34616
1334376303,29501,34622
1334376362,29505,34629
1334376423,29507,34639
1334376482,29512,34641
1334376544,29518,34650
1334376603,29527,34662
1334376664,29535,34668
1334376723,29554,34674
1334376782,29573,34678
1334376843,29586,34683
1334376902,29595,34690
1334376962,29599,34702
1334377022,29603,34712
1334377082,29604,34724
1334377142,29605,34731
1334377202,29614,34737
1334377263,29617,34743
1334377324,29619,34753
1334377382,29626,34766
1334377443,29628,34777
1334377502,29633,34787
1334377562,29639,34796
1334377622,29646,34805
1334377684,29652,34812
1334377742,29655,34824
1334377802,29660,34831
1334377862,29664,34845
1334377922,29671,34854
1334377983,29674,34862
1334378042,29677,34867
1334378103,29680,34876
1334378162,29684,34883
1334378223,29685,34897
1334378282,29691,34903
1334378342,29696,34913
1334378402,29698,34924
1334378463,29699,34930
1334378523,29706,34938
1334378582,29709,34946
1334378642,29715,34959
1334378703,29719,34968
1334378762,29723,34977
1334378823,29729,34987
1334378883,29733,34993
1334378942,29735,35001
1334379004,29740,35009
1334379062,29746,35017
1334379123,29750,35025
1334379182,29755,35040
1334379242,29758,35055
1334379302,29763,35063
1334379362,29767,35070
1334379422,29772,35084
1334379482,29775,35102
1334379542,29786,35122
1334379603,29793,35139
1334379662,29795,35151
1334379723,29795,35160
1334379783,29800,35170
1334379842,29812,35178
1334379902,29819,35191
1334379962,29834,35200
1334380022,29842,35211
1334380084,29848,35223
1334380143,29856,35230
1334380202,29865,35249
1334380262,29872,35264
1334380322,29881,35274
1334380382,29888,35282
1334380443,29899,35293
1334380502,29908,35306
1334380562,29917,35320
1334380622,29924,35332
1334380683,29940,35353
1334380742,29948,35369
1334380802,29955,35396
1334380862,29961,35412
1334380922,29966,35418
1334380983,29970,35431
1334381042,29974,35434
1334381102,29980,35452
1334381162,29987,35466
1334381224,29989,35479
1334381283,29992,35492
1334381342,29997,35509
1334381403,30003,35522
1334381463,30005,35542
1334381522,30010,35556
1334381582,30013,35571
1334381642,30019,35585
1334381702,30022,35597
1334381762,30024,35609
1334381823,30030,35625
1334381882,30038,35638
1334381943,30043,35653
1334382002,30051,35673
1334382062,30054,35685
1334382122,30058,35707
1334382182,30069,35723
1334382242,30077,35746
1334382304,30081,35764
1334382363,30090,35778
1334382432,30093,35804
1334382483,30095,35813
1334382543,30100,35824
1334382786,30124,35887
1334382843,30124,35907
1334382911,30132,35934
1334382962,30139,35953
1334383023,30141,35965
1334383082,30144,35999
1334383323,30159,36082
1334383383,30163,36103
1334383442,30165,36123
1334383502,30171,36138
1334383562,30177,36156
1334383622,30187,36176
1334383683,30193,36197
1334383742,30198,36212
1334383802,30222,36240
1334383862,30240,36261
1334383922,30248,36285
1334383982,30253,36306
1334384043,30263,36318
1334384102,30274,36330
1334384163,30290,36345
1334384223,30302,36366
1334384282,30327,36385
1334384343,30336,36413
1334384402,30344,36432
1334384462,30352,36455
1334384523,30359,36463
1334384582,30366,36480
1334384642,30373,36508
1334384702,30383,36528
1334384762,30387,36540
1334384822,30391,36558
1334384883,30397,36582
1334384943,30399,36599
1334385003,30411,36631
1334385063,30417,36649
1334385123,30419,36675
1334385182,30423,36691
1334385242,30430,36704
1334385303,30434,36726
1334385362,30440,36746
1334385422,30443,36765
1334385482,30445,36786
1334385542,30448,36798
1334385603,30451,36817
1334385662,30457,36844
1334385722,30463,36866
1334385782,30468,36881
1334385842,30474,36901
1334385902,30481,36916
1334385963,30492,36936
1334386023,30500,36962
1334386082,30507,36975
1334386142,30510,36998
1334386203,30515,37012
1334386263,30521,37031
1334386323,30528,37052
1334386382,30532,37066
1334386443,30542,37086
1334386502,30546,37100
1334386562,30554,37121
1334386623,30558,37140
1334386682,30571,37161
1334386742,30580,37178
1334386808,30584,37197
1334386862,30590,37220
1334386922,30592,37242
1334386982,30604,37261
1334387043,30610,37280
1334387102,30616,37291
1334387162,30620,37318
1334387222,30622,37348
1334387282,30630,37362
1334387344,30636,37384
1334387402,30639,37399
1334387462,30646,37415
1334387522,30648,37439
1334387582,30650,37456
1334387642,30659,37472
1334387702,30666,37491
1334387762,30674,37512
1334387823,30681,37534
1334387882,30694,37555
1334387942,30700,37571
1334388003,30713,37585
1334388062,30725,37609
1334388123,30740,37626
1334388182,30751,37646
1334388243,30761,37659
1334388306,30766,37677
1334388362,30775,37699
1334388422,30793,37719
1334388483,30813,37744
1334388542,30819,37763
1334388602,30831,37782
1334388663,30841,37804
1334388724,30851,37832
1334388782,30863,37851
1334388842,30873,37878
1334388902,30883,37904
1334388962,30891,37922
1334389022,30906,37947
1334389083,30927,37973
1334389142,30944,37995
1334389202,30954,38020
1334389262,30962,38044
1334389322,30973,38074
1334389382,30983,38099
1334389443,30995,38117
1334389502,31008,38129
1334389562,31016,38146
1334389622,31018,38153
1334389683,31022,38157
1334389742,31023,38161
1334389802,31025,38163
1334389862,31026,38166
1334389923,31037,38186
1334389984,31062,38215
1334390044,31073,38233
1334390102,31081,38253
1334390162,31094,38277
1334390222,31110,38301
1334390283,31120,38321
1334390343,31135,38341
1334390403,31162,38369
1334390463,31174,38383
1334390522,31181,38404
1334390583,31194,38424
1334390642,31209,38446
1334390702,31224,38476
1334390762,31239,38502
1334390822,31252,38522
1334390882,31265,38559
1334390943,31273,38586
1334391002,31282,38607
1334391062,31297,38632
1334391122,31315,38657
1334391182,31324,38676
1334391242,31336,38691
1334391303,31348,38720
1334391362,31357,38752
1334391422,31374,38776
1334391482,31384,38791
1334391542,31397,38806
1334391601,31408,38822
1334391663,31415,38834
1334391722,31425,38859
1334391783,31433,38872
1334391843,31445,38901
1334391902,31459,38922
1334391962,31469,38947
1334392023,31476,38965
1334392082,31486,38992
1334392143,31514,39012
1334392202,31532,39027
1334392263,31547,39044
1334392322,31555,39071
1334392383,31568,39094
1334392443,31575,39104
1334392502,31583,39128
1334392562,31592,39155
1334392622,31598,39172
1334392683,31604,39191
1334392742,31617,39218
1334392802,31631,39235
1334392862,31640,39260
1334392922,31650,39284
1334392982,31666,39317
1334393042,31672,39334
1334393103,31684,39356
1334393162,31691,39383
1334393222,31704,39399
1334393282,31719,39423
1334393343,31734,39452
1334393402,31745,39485
1334393463,31751,39512
1334393522,31764,39534
1334393583,31772,39555
1334393643,31790,39573
1334393702,31799,39593
1334393762,31806,39618
1334393822,31817,39642
1334393883,31825,39662
1334393943,31835,39677
1334394003,31845,39710
1334394063,31851,39727
1334394122,31861,39746
1334394182,31872,39762
1334394243,31878,39779
1334394307,31883,39799
1334394362,31893,39817
1334394422,31899,39844
1334394485,31906,39859
1334394542,31910,39878
1334394602,31922,39892
1334394663,31927,39912
1334394723,31933,39943
1334394782,31947,39963
1334394842,31962,39978
1334394902,31980,39999
1334394963,31988,40022
1334395022,32002,40044
1334395083,32013,40063
1334395143,32027,40085
1334395202,32033,40106
1334395263,32049,40123
1334395323,32057,40136
1334395382,32062,40158
1334395443,32069,40181
1334395503,32075,40202
1334395563,32085,40217
1334395623,32101,40241
1334395682,32109,40262
1334395745,32115,40280
1334395802,32126,40297
1334395862,32133,40310
1334395922,32143,40324
1334395983,32155,40344
1334396042,32164,40357
1334396103,32179,40376
1334396162,32186,40391
1334396223,32197,40408
1334396282,32209,40428
1334396342,32225,40446
1334396403,32242,40459
1334396462,32254,40482
1334396522,32265,40492
1334396582,32278,40518
1334396643,32290,40536
1334396703,32297,40556
1334396762,32307,40580
1334396823,32320,40604
1334396882,32335,40629
1334396942,32349,40650
1334397003,32362,40668
1334397063,32383,40687
1334397123,32394,40712
1334397183,32407,40735
1334397243,32429,40751
1334397304,32449,40771
1334397363,32474,40788
1334397422,32498,40800
1334397482,32518,40816
1334397543,32534,40840
1334397602,32547,40858
1334397662,32560,40878
1334397723,32572,40895
1334397782,32586,40913
1334397842,32602,40935
1334397902,32609,40954
1334397962,32620,40974
1334398022,32633,40992
1334398083,32635,41006
1334398143,32650,41025
1334398202,32664,41043
1334398262,32679,41064
1334398322,32695,41094
1334398382,32713,41117
1334398442,32729,41132
1334398503,32745,41156
1334398563,32755,41181
1334398622,32768,41210
1334398683,32781,41222
1334398742,32784,41242
1334398802,32799,41255
1334398863,32812,41272
1334398928,32823,41286
1334398982,32826,41297
1334399043,32832,41311
1334399102,32833,41315
1334399163,32835,41321
1334399222,32839,41334
1334399282,32842,41344
1334399342,32845,41352
1334399403,32847,41357
1334399462,32852,41367
1334399522,32853,41371
1334399582,32855,41380
1334399642,32858,41385
1334399702,32862,41388
1334399763,32865,41390
1334399823,32880,41405
1334399882,32893,41428
1334399942,32901,41448
1334400002,32905,41458
1334400062,32911,41474
1334400122,32920,41487
1334400183,32923,41512
1334400242,32932,41527
1334400306,32939,41539
1334400362,32945,41560
1334400422,32949,41584
1334400483,32952,41594
1334400542,32960,41616
1334400603,32970,41637
1334400663,32977,41648
1334400724,32985,41666
1334400783,32991,41690
1334400843,33003,41708
1334400903,33014,41737
1334400962,33023,41762
1334401022,33034,41771
1334401082,33043,41792
1334401142,33056,41807
1334401203,33067,41824
1334401262,33080,41844
1334401322,33088,41856
1334401382,33102,41883
1334401443,33115,41899
1334401502,33128,41917
1334401562,33135,41940
1334401622,33146,41974
1334401683,33159,42000
1334401742,33182,42016
1334401803,33195,42032
1334401862,33213,42058
1334401923,33226,42086
1334401982,33243,42100
1334402042,33252,42121
1334402103,33260,42138
1334402162,33271,42162
1334402222,33286,42183
1334402282,33298,42202
1334402343,33314,42219
1334402402,33326,42231
1334402463,33335,42252
1334402522,33354,42278
1334402582,33367,42300
1334402643,33379,42319
1334402705,33385,42331
1334402762,33398,42351
1334402822,33409,42369
1334402882,33422,42388
1334402943,33436,42409
1334403003,33451,42429
1334403062,33466,42458
1334403123,33472,42474
1334403182,33488,42490
1334403242,33500,42506
1334403302,33510,42520
1334403363,33526,42542
1334403422,33533,42564
1334403482,33558,42584
1334403542,33566,42606
1334403604,33578,42623
1334403663,33584,42642
1334403723,33597,42657
1334403782,33610,42676
1334403842,33624,42698
1334403902,33636,42718
1334403962,33647,42734
1334404022,33663,42762
1334404082,33680,42788
1334404143,33696,42802
1334404208,33713,42835
1334404263,33729,42854
1334404323,33738,42876
1334404382,33757,42905
1334404442,33777,42931
1334404502,33787,42951
1334404562,33802,42970
1334404622,33811,42994
1334404682,33829,43018
1334404743,33848,43043
1334404803,33866,43072
1334404863,33876,43100
1334404922,33895,43121
1334404982,33916,43140
1334405042,33927,43166
1334405102,33938,43185
1334405163,33959,43212
1334405222,33969,43238
1334405282,33991,43263
1334405343,34013,43279
1334405403,34027,43307
1334405463,34038,43327
1334405523,34049,43366
1334405583,34056,43392
1334405643,34074,43421
1334405704,34098,43444
1334405763,34112,43471
1334405822,34121,43491
1334405883,34129,43503
1334405942,34139,43526
1334406002,34156,43542
1334406064,34178,43573
1334406122,34192,43600
1334406183,34203,43632
1334406242,34228,43655
1334406302,34241,43683
1334406362,34257,43706
1334406423,34272,43729
1334406482,34294,43745
1334406542,34309,43775
1334406602,34318,43809
1334406662,34334,43833
1334406722,34348,43863
1334406782,34370,43892
1334406842,34385,43927
1334406903,34405,43947
1334406962,34423,43978
1334407022,34437,43995
1334407082,34455,44016
1334407142,34462,44044
1334407202,34474,44082
1334407262,34485,44105
1334407324,34496,44123
1334407383,34518,44149
1334407443,34533,44179
1334407503,34546,44204
1334407562,34562,44234
1334407623,34579,44254
1334407683,34593,44269
1334407742,34606,44304
1334407803,34620,44327
1334407863,34635,44359
1334407923,34652,44382
1334407982,34669,44414
1334408042,34695,44438
1334408102,34714,44464
1334408162,34730,44503
1334408222,34740,44533
1334408282,34750,44563
1334408343,34768,44588
1334408403,34779,44602
1334408462,34798,44642
1334408523,34815,44674
1334408583,34838,44719
1334408642,34856,44748
1334408702,34877,44773
1334408762,34899,44810
1334408822,34926,44839
1334408883,34949,44876
1334408943,34980,44913
1334409002,34997,44944
1334409063,35012,44982
1334409123,35035,45012
1334409183,35062,45045
1334409243,35079,45071
1334409305,35093,45099
1334409363,35122,45126
1334409423,35144,45160
1334409483,35161,45199
1334409544,35181,45234
1334409602,35197,45273
1334409663,35207,45300
1334409723,35224,45324
1334409782,35247,45368
1334409842,35266,45404
1334409902,35286,45448
1334409962,35301,45472
1334410022,35320,45507
1334410082,35330,45536
1334410142,35348,45567
1334410203,35378,45607
1334410262,35405,45643
1334410323,35420,45669
1334410382,35439,45704
1334410442,35459,45739
1334410503,35470,45759
1334410563,35495,45798
1334410624,35514,45824
1334410683,35540,45863
1334410742,35560,45892
1334410802,35579,45923
1334410862,35593,45958
1334410923,35610,45985
1334410983,35633,46013
1334411043,35651,46040
1334411102,35673,46074
1334411162,35707,46107
1334411222,35741,46131
1334411283,35769,46154
1334411342,35786,46178
1334411402,35809,46200
1334411462,35823,46222
1334411522,35842,46247
1334411582,35849,46265
1334411643,35861,46282
1334411717,35873,46297
1334411764,35877,46309
1334411822,35885,46320
1334411883,35893,46333
1334411943,35896,46344
1334412002,35902,46351
1334412062,35914,46368
1334412122,35937,46402
1334412182,35950,46450
1334412242,35965,46481
1334412302,35986,46536
1334412362,36010,46575
1334412423,36022,46608
1334412482,36039,46640
1334412545,36064,46687
1334412602,36087,46733
1334412663,36107,46772
1334412722,36129,46813
1334412782,36147,46852
1334412842,36171,46896
1334412903,36193,46930
1334412962,36216,46977
1334413023,36223,47011
1334413082,36242,47037
1334413143,36260,47059
1334413203,36280,47090
1334413264,36297,47130
1334413323,36312,47172
1334413382,36331,47212
1334413443,36350,47248
1334413502,36368,47274
1334413562,36394,47301
1334413622,36402,47341
1334413683,36425,47374
1334413742,36437,47406
1334413803,36448,47442
1334413862,36457,47468
1334413923,36469,47501
1334413982,36484,47544
1334414042,36496,47580
1334414112,36507,47623
1334414162,36524,47652
1334414222,36540,47691
1334414283,36557,47731
1334414343,36573,47765
1334414403,36587,47802
1334414463,36603,47844
1334414523,36606,47883
1334414582,36614,47920
1334414646,36636,47944
1334414703,36651,47970
1334414762,36661,48011
1334414823,36674,48052
1334414882,36687,48096
1334414943,36700,48127
1334415002,36710,48161
1334415063,36725,48206
1334415122,36745,48233
1334415182,36756,48276
1334415242,36766,48314
1334415303,36776,48351
1334415362,36786,48384
1334415423,36802,48430
1334415483,36812,48465
1334415543,36823,48492
1334415608,36837,48539
1334415663,36845,48572
1334415722,36863,48618
1334415782,36871,48665
1334415842,36881,48707
1334415902,36893,48750
1334415965,36909,48789
1334416022,36914,48827
1334416083,36920,48866
1334416145,36929,48906
1334416202,36943,48934
1334416262,36953,48981
1334416322,36958,49016
1334416383,36969,49051
1334416442,36975,49087
1334416502,36981,49127
1334416562,36986,49172
1334416622,36997,49193
1334416682,37007,49241
1334416742,37017,49280
1334416803,37023,49317
1334416862,37039,49351
1334416924,37043,49395
1334416982,37056,49432
1334417043,37066,49474
1334417102,37074,49517
1334417162,37083,49551
1334417223,37089,49587
1334417282,37098,49616
1334417343,37106,49647
1334417403,37118,49678
1334417463,37133,49718
1334417524,37140,49751
1334417583,37152,49786
1334417642,37163,49819
1334417702,37181,49862
1334417762,37197,49901
1334417823,37212,49947
1334417882,37222,49986
1334417942,37233,50032
1334418002,37245,50068
1334418062,37253,50109
1334418122,37264,50152
1334418183,37276,50184
1334418242,37292,50223
1334418302,37298,50268
1334418362,37312,50318
1334418422,37321,50353
1334418482,37326,50389
1334418543,37331,50423
1334418602,37344,50453
1334418662,37357,50481
1334418723,37370,50517
1334418783,37378,50552
1334418844,37391,50588
1334418904,37399,50629
1334418962,37408,50672
1334419024,37416,50714
1334419082,37428,50745
1334419146,37433,50776
1334419202,37443,50800
1334419263,37448,50831
1334419322,37455,50865
1334419382,37466,50900
1334419442,37470,50934
1334419503,37478,50959
1334419562,37487,50987
1334419622,37492,51017
1334419682,37500,51049
1334419742,37505,51070
1334419804,37511,51102
1334419862,37527,51123
1334419923,37540,51152
1334419982,37547,51176
1334420042,37551,51202
1334420102,37556,51235
1334420162,37568,51266
1334420222,37576,51309
1334420282,37587,51332
1334420342,37592,51358
1334420402,37600,51381
1334420462,37610,51407
1334420522,37621,51431
1334420583,37631,51447
1334420643,37644,51468
1334420703,37657,51498
1334420763,37669,51523
1334420823,37681,51545
1334420882,37689,51569
1334420943,37693,51605
1334421002,37702,51638
1334421062,37708,51674
1334421122,37712,51712
1334421183,37720,51740
1334421242,37725,51768
1334421302,37729,51795
1334421362,37736,51820
1334421423,37742,51850
1334421482,37748,51872
1334421542,37750,51896
1334421602,37755,51926
1334421663,37761,51951
1334421722,37764,51964
1334421783,37772,51983
1334421842,37775,51995
1334421902,37781,52002
1334421963,37783,52012
1334422022,37784,52016
1334422083,37785,52025
1334422143,37789,52041
1334422203,37789,52043
1334422263,37791,52046
1334422322,37800,52084
1334422382,37808,52110
1334422442,37815,52128
1334422503,37826,52150
1334422563,37833,52175
1334422622,37839,52192
1334422683,37843,52213
1334422742,37849,52237
1334422808,37850,52261
1334422863,37852,52272
1334422923,37855,52286
1334422983,37864,52310
1334423042,37871,52322
1334423107,37880,52343
1334423162,37883,52363
1334423222,37885,52382
1334423284,37886,52399
1334423342,37890,52412
1334423404,37893,52435
1334423462,37895,52448
1334423524,37896,52466
1334423582,37902,52480
1334423642,37907,52491
1334423702,37910,52504
1334423762,37919,52517
1334423823,37928,52527
1334423882,37932,52544
1334423943,37936,52559
1334424002,37945,52579
1334424062,37949,52596
1334424122,37956,52611
1334424182,37961,52630
1334424242,37965,52648
1334424302,37968,52664
1334424362,37971,52682
1334424423,37973,52701
1334424482,37975,52717
1334424542,37979,52736
1334424606,37986,52747
1334424663,37990,52761
1334424722,37996,52780
1334424783,38005,52797
1334424842,38009,52815
1334424902,38014,52831
1334424964,38016,52843
1334425022,38019,52866
1334425082,38025,52878
1334425142,38030,52901
1334425203,38033,52920
1334425262,38037,52933
1334425322,38040,52951
1334425383,38047,52970
1334425442,38050,52987
1334425502,38052,53005
1334425562,38055,53017
1334425622,38058,53029
1334425682,38059,53039
1334425743,38063,53048
1334425802,38067,53059
1334425863,38070,53071
1334425922,38073,53081
1334425982,38076,53088
1334426043,38085,53122
1334426103,38093,53131
1334426162,38100,53140
1334426223,38106,53153
1334426282,38108,53159
1334426342,38114,53171
1334426408,38117,53180
1334426462,38121,53189
1334426522,38124,53197
1334426582,38130,53203
1334426643,38137,53212
1334426702,38143,53224
1334426762,38148,53238
1334426822,38156,53245
1334426882,38161,53256
1334426942,38164,53265
1334427003,38165,53265
1334427062,38165,53265
1334427122,38166,53266
1334427182,38178,53282
1334427243,38185,53289
1334427302,38190,53299
1334427363,38191,53309
1334427422,38195,53314
1334427483,38199,53321
1334427543,38205,53328
1334427603,38214,53333
1334427663,38217,53345
1334427722,38222,53351
1334427783,38225,53358
1334427842,38228,53363
1334427902,38230,53368
1334427962,38232,53372
1334428022,38235,53374
1334428083,38239,53380
1334428142,38243,53388
1334428202,38249,53398
1334428262,38256,53402
1334428322,38261,53409
1334428382,38265,53413
1334428443,38273,53420
1334428502,38277,53424
1334428562,38279,53427
1334428622,38282,53435
1334428682,38282,53440
1334428743,38284,53448
1334428802,38286,53451
1334428862,38288,53460
1334428922,38288,53462
1334428982,38295,53468
1334429042,38298,53476
1334429102,38302,53481
1334429162,38305,53489
1334429222,38310,53492
1334429282,38311,53502
1334429343,38313,53505
1334429402,38320,53511
1334429463,38322,53517
1334429522,38325,53520
1334429582,38327,53527
1334429642,38327,53529
1334429703,38327,53538
1334429762,38327,53540
1334429822,38328,53548
1334429882,38329,53552
1334429942,38331,53560
1334430003,38336,53569
1334430063,38336,53571
1334430125,38339,53576
1334430182,38342,53584
1334430243,38344,53586
1334430302,38347,53591
1334430362,38348,53596
1334430422,38349,53600
1334430482,38351,53606
1334430542,38355,53607
1334430602,38357,53609
1334430662,38359,53614
1334430722,38364,53618
1334430783,38366,53626
1334430842,38367,53630
1334430902,38368,53633
1334430962,38369,53635
1334431022,38371,53643
1334431082,38373,53646
1334431143,38375,53649
1334431202,38378,53655
1334431262,38379,53659
1334431322,38381,53660
1334431382,38384,53660
1334431442,38386,53660
1334431503,38389,53666
1334431562,38390,53668
1334431622,38393,53673
1334431682,38395,53678
1334431743,38398,53682
1334431802,38399,53686
1334431863,38401,53687
1334431923,38401,53692
1334431982,38404,53696
1334432042,38406,53702
1334432102,38407,53710
1334432162,38408,53716
1334432223,38409,53717
1334432282,38412,53722
1334432342,38415,53724
1334432402,38418,53726
1334432462,38420,53732
1334432522,38422,53734
1334432582,38422,53739
1334432646,38423,53741
1334432702,38424,53747
1334432762,38424,53750
1334432822,38424,53760
1334432882,38424,53760
1334432942,38426,53770
1334433002,38426,53775
1334433062,38426,53777
1334433122,38426,53781
1334433183,38428,53785
1334433242,38430,53793
1334433302,38431,53797
1334433362,38434,53800
1334433422,38436,53806
1334433482,38436,53810
1334433543,38436,53812
1334433602,38436,53821
1334433662,38436,53823
1334433723,38438,53824
1334433782,38440,53829
1334433842,38443,53833
1334433903,38446,53841
1334433963,38447,53843
1334434022,38450,53846
1334434082,38453,53851
1334434142,38453,53854
1334434202,38457,53862
1334434263,38457,53863
1334434322,38459,53868
1334434383,38462,53872
1334434442,38464,53875
1334434502,38465,53879
1334434562,38466,53881
1334434622,38469,53884
1334434682,38469,53887
1334434742,38469,53890
1334434802,38470,53894
1334434863,38470,53901
1334434922,38470,53903
1334434983,38473,53906
1334435042,38473,53911
1334435102,38473,53916
1334435162,38474,53917
1334435222,38476,53919
1334435282,38479,53923
1334435342,38481,53924
1334435403,38483,53930
1334435462,38485,53934
1334435522,38488,53936
1334435583,38490,53942
1334435642,38490,53945
1334435702,38491,53946
1334435762,38493,53952
1334435822,38493,53956
1334435882,38495,53959
1334435942,38495,53960
1334436003,38495,53966
1334436062,38496,53976
1334436122,38498,53985
1334436182,38499,53991
1334436242,38499,53995
1334436302,38499,53995
1334436362,38500,53999
1334436422,38500,54002
1334436483,38503,54004
1334436542,38507,54009
1334436602,38508,54014
1334436662,38508,54016
1334436722,38508,54018
1334436782,38509,54026
1334436842,38510,54027
1334436902,38510,54027
1334436962,38510,54032
1334437022,38510,54034
1334437083,38511,54034
1334437142,38511,54037
1334437202,38512,54037
1334437262,38512,54039
1334437323,38512,54039
1334437382,38512,54041
1334437442,38514,54041
1334437502,38515,54043
1334437562,38516,54043
1334437622,38519,54044
1334437682,38520,54045
1334437743,38520,54047
1334437802,38520,54047
1334437863,38521,54049
1334437922,38522,54051
1334437982,38523,54052
1334438042,38525,54053
1334438102,38527,54055
1334438162,38528,54056
1334438222,38528,54056
1334438282,38528,54056
1334438343,38529,54057
1334438402,38530,54057
1334438463,38530,54058
1334438522,38530,54058
1334438582,38530,54059
1334438642,38530,54059
1334438702,38531,54060
1334438762,38531,54060
1334438822,38532,54061
1334438883,38532,54062
1334438942,38533,54062
1334439002,38533,54062
1334439062,38534,54062
1334439122,38535,54062
1334439182,38535,54062
1334439242,38536,54062
1334439304,38536,54062
1334439362,38536,54062
1334439422,38536,54062
1334439482,38537,54062
1334439543,38537,54062
1334439602,38537,54062
1334439662,38537,54062
1334439722,38537,54062
1334439782,38537,54063
1334439843,38537,54064
1334439902,38538,54065
1334439962,38538,54065
1334440022,38538,54065
1334440082,38538,54065
1334440142,38538,54065
1334440203,38538,54065
1334440262,38538,54065
1334440323,38538,54065
1334440382,38538,54065
1334440442,38538,54065
1334440502,38538,54065
1334440562,38539,54065
1334440622,38539,54065
1334440683,38539,54065
1334440742,38539,54065
1334440803,38539,54065
1334440862,38539,54065
1334440922,38539,54065
1334440982,38539,54065
1334441042,38539,54066
1334441102,38539,54066
1334441162,38539,54066
1334441223,38539,54066
1334441282,38539,54066
1334441342,38539,54066
1334441402,38539,54066
1334441462,38539,54066
1334441522,38539,54066
1334441582,38539,54066
1334441642,38539,54066
1334441703,38539,54066
1334441763,38539,54066
1334441822,38539,54066
1334441882,38539,54066
1334441943,38539,54066
1334442002,38539,54066
1334442063,38539,54066
1334442122,38539,54066
1334442182,38539,54066
1334442242,38539,54066
1334442302,38539,54066
1334442362,38539,54066
1334442422,38539,54066
1334442482,38539,54066
1334442542,38539,54066
1334442604,38539,54066
1334442663,38539,54066
1334442723,38539,54067
1334442782,38539,54067
1334442842,38539,54067
1334442902,38539,54067
1334442962,38539,54068
1334443022,38539,54068
1334443083,38539,54068
1334443142,38539,54068
1334443202,38539,54068
1334443263,38539,54068
1334443322,38539,54068
1334443382,38539,54068
1334443443,38539,54069
1334443502,38539,54069
1334443562,38539,54069
1334443622,38539,54069
1334443682,38539,54069
1334443742,38539,54069
1334443802,38539,54069
1334443863,38539,54069
1334443923,38539,54069
1334443982,38540,54069
1334444042,38540,54069
1334444102,38540,54069
1334444162,38540,54069
1334444222,38540,54069
1334444282,38540,54069
1334444342,38540,54069
1334444403,38540,54069
1334444462,38540,54069
1334444523,38540,54069
1334444582,38540,54069
1334444642,38540,54069
1334444702,38540,54069
1334444762,38540,54069
1334444822,38541,54069
1334444883,38542,54069
1334444942,38542,54069
1334445002,38542,54069
1334445063,38542,54069
1334445122,38543,54069
1334445182,38544,54069
1334445242,38544,54069
1334445302,38544,54070
1334445362,38544,54071
1334445422,38544,54071
1334445483,38544,54072
1334445542,38544,54072
1334445602,38544,54072
1334445662,38544,54073
1334445722,38544,54073
1334445782,38544,54073
1334445842,38544,54073
1334445903,38544,54074
1334445962,38544,54074
1334446022,38544,54074
1334446082,38544,54075
1334446142,38544,54075
1334446203,38544,54075
1334446262,38544,54075
1334446322,38544,54075
1334446382,38544,54075
1334446442,38544,54075
1334446502,38544,54076
1334446562,38544,54077
1334446622,38544,54077
1334446682,38544,54077
1334446743,38545,54078
1334446802,38545,54078
1334446862,38545,54078
1334446922,38546,54078
1334446982,38546,54078
1334447042,38546,54078
1334447106,38546,54078
1334447162,38546,54078
1334447223,38546,54078
1334447282,38546,54078
1334447343,38546,54078
1334447403,38546,54078
1334447462,38546,54078
1334447523,38546,54078
1334447583,38546,54078
1334447643,38546,54078
1334447703,38546,54078
1334447763,38546,54078
1334447822,38546,54078
1334447882,38546,54078
1334447943,38546,54079
1334448004,38546,54079
1334448062,38546,54079
1334448123,38546,54080
1334448182,38546,54080
1334448243,38546,54082
1334448303,38546,54082
1334448363,38547,54082
1334448423,38547,54082
1334448482,38547,54082
1334448543,38547,54082
1334448609,38547,54082
1334448663,38547,54082
1334448722,38547,54083
1334448783,38547,54083
1334448842,38548,54083
1334448902,38548,54084
1334448962,38548,54085
1334449022,38548,54086
1334449082,38548,54087
1334449142,38548,54088
1334449203,38549,54089
1334449262,38549,54089
1334449323,38549,54089
1334449382,38549,54089
1334449442,38549,54089
1334449502,38549,54089
1334449562,38549,54089
1334449622,38549,54089
1334449682,38551,54089
1334449742,38551,54091
1334449802,38551,54092
1334449862,38551,54092
1334449923,38552,54096
1334449982,38552,54096
1334450042,38553,54099
1334450102,38553,54102
1334450162,38553,54103
1334450223,38553,54105
1334450282,38554,54105
1334450342,38554,54107
1334450402,38554,54110
1334450462,38554,54112
1334450522,38554,54114
1334450583,38555,54117
1334450642,38555,54118
1334450702,38555,54120
1334450762,38556,54122
1334450822,38557,54126
1334450882,38557,54135
1334450942,38558,54136
1334451003,38558,54137
1334451062,38558,54139
1334451122,38558,54143
1334451183,38558,54148
1334451242,38558,54152
1334451302,38558,54156
1334451362,38558,54159
1334451422,38558,54162
1334451482,38558,54168
1334451543,38559,54171
1334451602,38559,54175
1334451663,38559,54176
1334451722,38559,54180
1334451782,38559,54184
1334451843,38559,54191
1334451902,38559,54196
1334451963,38560,54204
1334452022,38563,54205
1334452083,38565,54210
1334452142,38566,54219
1334452202,38566,54222
1334452263,38566,54228
1334452323,38566,54229
1334452382,38566,54232
1334452442,38568,54240
1334452502,38568,54246
1334452562,38570,54248
1334452623,38570,54251
1334452682,38570,54257
1334452743,38570,54265
1334452802,38570,54274
1334452862,38571,54282
1334452923,38571,54296
1334452982,38572,54301
1334453043,38573,54312
1334453102,38573,54318
1334453162,38573,54324
1334453222,38574,54326
1334453282,38574,54332
1334453342,38575,54339
1334453403,38575,54346
1334453462,38575,54354
1334453522,38575,54361
1334453582,38575,54364
1334453643,38575,54371
1334453702,38576,54374
1334453763,38576,54378
1334453822,38576,54387
1334453882,38576,54393
1334453942,38576,54399
1334454003,38576,54404
1334454062,38576,54409
1334454122,38576,54414
1334454182,38576,54423
1334454242,38578,54429
1334454302,38578,54434
1334454363,38578,54442
1334454423,38579,54450
1334454482,38579,54454
1334454543,38580,54462
1334454602,38580,54471
1334454663,38580,54481
1334454722,38580,54492
1334454782,38580,54498
1334454842,38580,54502
1334454903,38581,54510
1334454962,38581,54517
1334455022,38581,54526
1334455082,38582,54537
1334455143,38584,54548
1334455208,38584,54558
1334455262,38587,54577
1334455322,38589,54584
1334455382,38590,54594
1334455442,38590,54604
1334455502,38592,54611
1334455562,38592,54622
1334455623,38593,54633
1334455682,38593,54639
1334455742,38593,54643
1334455802,38593,54656
1334455864,38594,54668
1334455922,38594,54680
1334455983,38595,54690
1334456042,38596,54701
1334456102,38596,54707
1334456162,38596,54713
1334456222,38597,54718
1334456282,38597,54725
1334456343,38599,54737
1334456402,38599,54743
1334456463,38599,54753
1334456522,38599,54761
1334456582,38599,54772
1334456643,38600,54780
1334456702,38600,54788
1334456762,38601,54799
1334456822,38601,54805
1334456882,38601,54810
1334456943,38602,54821
1334457002,38604,54828
1334457062,38605,54837
1334457122,38607,54850
1334457182,38609,54862
1334457242,38610,54874
1334457302,38610,54884
1334457362,38610,54885
1334457423,38611,54897
1334457482,38613,54906
1334457542,38614,54922
1334457603,38617,54930
1334457662,38621,54937
1334457722,38622,54949
1334457782,38625,54960
1334457843,38626,54968
1334457902,38627,54979
1334457963,38628,55001
1334458022,38629,55011
1334458082,38632,55024
1334458142,38633,55042
1334458203,38634,55049
1334458263,38636,55066
1334458322,38638,55074
1334458382,38639,55083
1334458442,38640,55096
1334458502,38641,55110
1334458562,38642,55126
1334458622,38645,55144
1334458683,38645,55162
1334458742,38646,55177
1334458802,38647,55199
1334458862,38649,55223
1334458922,38651,55238
1334458982,38652,55250
1334459042,38656,55262
1334459103,38659,55279
1334459163,38662,55288
1334459222,38664,55301
1334459283,38665,55314
1334459343,38667,55323
1334459402,38670,55335
1334459462,38672,55347
1334459522,38679,55362
1334459582,38682,55377
1334459642,38682,55390
1334459703,38683,55407
1334459762,38683,55419
1334459822,38685,55437
1334459883,38687,55454
1334459942,38687,55465
1334460002,38688,55484
1334460062,38691,55501
1334460122,38695,55519
1334460182,38699,55539
1334460243,38703,55557
1334460302,38705,55563
1334460362,38707,55583
1334460422,38708,55595
1334460484,38712,55607
1334460542,38713,55621
1334460602,38716,55638
1334460662,38717,55661
1334460722,38721,55681
1334460783,38723,55695
1334460842,38729,55719
1334460902,38732,55734
1334460962,38736,55755
1334461022,38738,55769
1334461082,38743,55784
1334461142,38747,55798
1334461203,38748,55818
1334461262,38749,55835
1334461322,38753,55855
1334461382,38757,55872
1334461442,38763,55899
1334461503,38766,55914
1334461562,38770,55933
1334461622,38775,55952
1334461682,38780,55969
1334461742,38783,55994
1334461803,38784,56016
1334461862,38791,56031
1334461923,38799,56062
1334461982,38802,56079
1334462042,38805,56104
1334462103,38806,56121
1334462162,38809,56145
1334462223,38812,56157
1334462282,38819,56177
1334462343,38824,56195
1334462403,38829,56224
1334462462,38833,56244
1334462522,38839,56268
1334462582,38842,56294
1334462643,38845,56322
1334462702,38853,56349
1334462763,38862,56378
1334462822,38868,56400
1334462883,38872,56419
1334462942,38877,56438
1334463003,38877,56459
1334463063,38883,56475
1334463123,38886,56498
1334463182,38891,56521
1334463242,38899,56541
1334463303,38907,56565
1334463363,38919,56581
1334463422,38926,56603
1334463483,38936,56626
1334463542,38939,56664
1334463603,38943,56692
1334463664,38946,56720
1334463722,38952,56738
1334463782,38957,56773
1334463843,38965,56794
1334463902,38974,56820
1334463963,38979,56843
1334464022,38985,56870
1334464082,38988,56887
1334464143,38992,56906
1334464203,38993,56936
1334464263,38995,56970
1334464324,39002,57002
1334464382,39005,57032
1334464442,39016,57060
1334464503,39021,57088
1334464563,39026,57101
1334464622,39030,57105
1334464682,39034,57114
1334464742,39038,57140
1334464802,39052,57163
1334464862,39056,57193
1334464923,39057,57217
1334464982,39059,57246
1334465043,39066,57273
1334465102,39073,57301
1334465161,39082,57332
1334465222,39088,57352
1334465282,39095,57383
1334465342,39098,57407
1334465404,39106,57440
1334465462,39114,57459
1334465522,39127,57485
1334465582,39137,57511
1334465642,39143,57540
1334465702,39152,57569
1334465762,39163,57589
1334465823,39173,57621
1334465883,39178,57653
1334465942,39188,57672
1334466003,39203,57702
1334466063,39207,57732
1334466123,39222,57768
1334466183,39229,57788
1334466242,39241,57817
1334466302,39251,57843
1334466363,39260,57877
1334466422,39269,57914
1334466483,39280,57947
1334466543,39288,57978
1334466603,39297,58011
1334466663,39307,58048
1334466722,39314,58076
1334466783,39322,58113
1334466843,39330,58151
1334466902,39335,58185
1334466962,39343,58218
1334467023,39351,58254
1334467083,39355,58281
1334467143,39367,58311
1334467203,39376,58351
1334467262,39388,58375
1334467323,39397,58411
1334467383,39406,58438
1334467443,39417,58491
1334467502,39434,58576
1334467562,39445,58607
1334467623,39458,58634
1334467683,39470,58664
1334467743,39481,58697
1334467803,39495,58731
1334467863,39507,58771
1334467923,39518,58800
1334467983,39534,58833
1334468044,39546,58856
1334468102,39556,58893
1334468164,39570,58932
1334468223,39582,58972
1334468282,39598,59003
1334468344,39617,59032
1334468402,39629,59075
1334468462,39640,59107
1334468522,39648,59134
1334468583,39657,59184
1334468643,39669,59210
1334468704,39682,59242
1334468763,39691,59270
1334468823,39701,59302
1334468883,39715,59327
1334468943,39732,59370
1334469003,39755,59411
1334469063,39773,59444
1334469123,39784,59486
1334469182,39794,59520
1334469242,39806,59559
1334469303,39817,59596
1334469363,39834,59627
1334469423,39848,59672
1334469482,39866,59706
1334469543,39883,59750
1334469604,39905,59803
1334469662,39918,59845
1334469722,39935,59880
1334469782,39953,59919
1334469843,39963,59954
1334469902,39976,59982
1334469963,39987,60031
1334470023,39999,60068
1334470443,40121,60400
1334470506,40139,60430
1334470572,40155,60464
1334470623,40179,60500
1334470683,40203,60547
1334470743,40225,60575
1334470805,40236,60618
1334471043,40311,60750
1334471102,40330,60794
1334471162,40351,60828
1334471223,40368,60870
1334471282,40392,60903
1334471346,40406,60945
1334471403,40422,60990
1334471463,40444,61033
1334471523,40462,61066
1334471583,40481,61097
1334471642,40495,61123
1334471704,40511,61164
1334471763,40536,61200
1334471823,40555,61237
1334471883,40572,61279
1334471943,40595,61325
1334472003,40609,61356
1334472062,40630,61399
1334472123,40650,61427
1334472183,40671,61465
1334472242,40687,61505
1334472303,40710,61537
1334472364,40726,61580
1334472423,40743,61613
1334472484,40760,61661
1334472543,40774,61686
1334472602,40788,61718
1334472663,40801,61752
1334472723,40817,61777
1334472782,40827,61818
1334472843,40845,61847
1334472903,40871,61882
1334472962,40891,61913
1334473026,40914,61963
1334473404,41033,62189
1334473526,41060,62229
1334473563,41064,62235
1334473630,41071,62246
1334473830,41120,62376
1334474026,41169,62507
1334474091,41185,62544
1334474162,41203,62585
1334474223,41223,62625
1334474283,41251,62677
1334474343,41270,62714
1334474403,41289,62744
1334474466,41303,62784
1334474523,41324,62828
1334474584,41346,62859
1334474643,41367,62900
1334474702,41389,62931
1334474763,41415,62986
1334474823,41444,63030
1334474883,41468,63063
1334474943,41490,63104
1334475003,41508,63137
1334475063,41533,63175
1334475123,41554,63211
1334475183,41573,63239
1334475243,41598,63284
1334475303,41626,63326
1334475363,41655,63368
1334475422,41671,63396
1334475483,41685,63447
1334475543,41699,63483
1334475607,41724,63532
1334475662,41743,63580
1334475723,41768,63624
1334475782,41778,63661
1334475842,41810,63701
1334475903,41831,63742
1334475963,41852,63789
1334476023,41874,63823
1334476083,41892,63869
1334476143,41922,63899
1334476202,41946,63940
1334476262,41963,63979
1334476322,41994,64021
1334476382,42025,64054
1334476443,42046,64077
1334476505,42083,64113
1334476562,42098,64137
1334476623,42131,64169
1334476682,42149,64202
1334476743,42177,64247
1334476810,42197,64286
1334476862,42217,64321
1334476922,42234,64361
1334476982,42256,64389
1334477043,42284,64429
1334477102,42302,64469
1334477163,42319,64501
1334477222,42339,64545
1334477283,42357,64577
1334477342,42386,64623
1334477402,42400,64658
1334477463,42424,64685
1334477523,42443,64712
1334477582,42463,64744
1334477643,42496,64784
1334477703,42509,64816
1334477763,42528,64841
1334477823,42548,64864
1334477882,42568,64905
1334477944,42576,64933
1334478002,42595,64968
1334478062,42613,64993
1334478122,42635,65029
1334478183,42661,65052
1334478244,42694,65088
1334478302,42719,65123
1334478362,42737,65144
1334478422,42762,65179
1334478482,42775,65211
1334478542,42797,65251
1334478603,42823,65285
1334478662,42850,65310
1334478722,42866,65339
1334478782,42904,65367
1334478843,42929,65401
1334478902,42955,65429
1334478963,42981,65467
1334479022,43013,65497
1334479083,43042,65522
1334479143,43077,65551
1334479207,43120,65593
1334479265,43144,65609
1334479323,43181,65638
1334479383,43207,65668
1334479444,43235,65687
1334480226,43627,66118
1334480282,43665,66147
1334480343,43709,66179
1334480407,43758,66201
1334480462,43793,66225
1334480522,43818,66254
1334480583,43843,66279
1334480642,43863,66304
1334480704,43884,66312
1334480762,43903,66332
1334480823,43921,66356
1334480882,43940,66373
1334480943,43948,66380
1334481002,43953,66386
1334481062,43956,66390
1334481123,43969,66399
1334481182,43995,66435
1334481243,44030,66470
1334481304,44075,66501
1334481362,44099,66528
1334481421,44137,66554
1334481483,44163,66592
1334481542,44205,66625
1334481603,44231,66654
1334481662,44266,66684
1334481723,44289,66709
1334481782,44313,66751
1334481842,44343,66773
1334481902,44371,66798
1334481965,44386,66817
1334482024,44411,66844
1334482084,44449,66867
1334482142,44484,66902
1334482202,44523,66923
1334482262,44555,66949
1334482322,44586,66978
1334482383,44621,67005
1334482442,44647,67029
1334482502,44672,67063
1334482563,44689,67090
1334482623,44718,67118
1334482683,44753,67149
1334482743,44776,67173
1334482803,44805,67199
1334482862,44825,67230
1334482922,44847,67257
1334482982,44879,67277
1334483043,44905,67307
1334483103,44938,67336
1334483163,44965,67362
1334483222,44990,67382
1334483283,45026,67410
1334483342,45048,67426
1334483402,45078,67456
1334483464,45114,67475
1334483522,45155,67507
1334483585,45177,67541
1334483643,45211,67565
1334483702,45246,67586
1334483763,45288,67618
1334483822,45319,67647
1334483882,45350,67677
1334483943,45371,67702
1334484012,45401,67741
1334484062,45423,67771
1334484122,45447,67800
1334484182,45469,67831
1334484243,45486,67862
1334484302,45508,67897
1334484365,45522,67920
1334484422,45550,67950
1334484483,45583,67979
1334484543,45599,68001
1334484604,45637,68027
1334484664,45678,68058
1334484723,45712,68082
1334484783,45734,68106
1334484842,45766,68127
1334484903,45795,68144
1334484964,45829,68163
1334485022,45860,68185
1334485082,45889,68212
1334485142,45913,68252
1334485202,45965,68283
1334485262,46000,68311
1334485322,46031,68337
1334485383,46054,68371
1334485442,46082,68401
1334485502,46105,68439
1334485563,46123,68473
1334485622,46142,68500
1334485682,46177,68531
1334485742,46193,68547
1334485802,46211,68570
1334485862,46226,68601
1334485923,46240,68615
1334485982,46248,68634
1334486042,46250,68641
1334486102,46253,68647
1334486164,46261,68663
1334486223,46292,68701
1334486283,46319,68729
1334486344,46351,68759
1334486405,46380,68792
1334486463,46406,68828
1334486522,46432,68855
1334486584,46456,68884
1334486642,46490,68916
1334486702,46510,68957
1334486762,46536,68994
1334486823,46562,69027
1334486882,46588,69056
1334486942,46615,69100
1334487002,46640,69129
1334487062,46668,69164
1334487122,46692,69199
1334487183,46722,69227
1334487242,46745,69258
1334487303,46792,69301
1334487362,46815,69320
1334487422,46844,69381
1334487483,46867,69413
1334487543,46881,69446
1334487607,46896,69475
1334487663,46913,69504
1334487723,46928,69529
1334487783,46951,69558
1334487844,46973,69594
1334487904,46997,69629
1334487963,47027,69664
1334488023,47049,69693
1334488083,47063,69731
1334488142,47085,69767
1334488203,47103,69804
1334488262,47129,69834
1334488322,47149,69871
1334488382,47176,69908
1334488444,47194,69930
1334488502,47218,69984
1334488563,47234,70008
1334488622,47253,70037
1334488682,47277,70065
1334488743,47298,70089
1334488802,47314,70128
1334488863,47333,70169
1334488922,47346,70203
1334488982,47364,70234
1334489042,47382,70266
1334489102,47395,70293
1334489162,47408,70319
1334489224,47423,70364
1334489283,47447,70409
1334489342,47466,70443
1334489403,47482,70474
1334489464,47492,70523
1334489523,47522,70564
1334489584,47537,70594
1334489642,47562,70615
1334489703,47574,70652
1334489763,47597,70696
1334489823,47611,70724
1334489884,47629,70745
1334489942,47655,70786
1334490002,47682,70815
1334490062,47708,70847
1334490122,47722,70879
1334490182,47741,70902
1334490242,47757,70936
1334490302,47768,70955
1334490362,47782,70981
1334490423,47795,71008
1334490483,47810,71018
1334490542,47814,71028
1334490603,47817,71033
1334490663,47826,71046
1334490723,47845,71088
1334490783,47867,71116
1334490842,47886,71151
1334490902,47909,71185
1334490962,47922,71219
1334491022,47949,71254
1334491083,47970,71282
1334491142,48000,71318
1334491204,48019,71347
1334491263,48039,71390
1334491323,48052,71429
1334491382,48073,71463
1334491442,48092,71501
1334491510,48115,71557
1334491563,48129,71592
1334491622,48160,71618
1334491682,48185,71664
1334491742,48212,71702
1334491802,48234,71731
1334491862,48253,71770
1334491923,48268,71805
1334491983,48290,71843
1334492043,48306,71884
1334492102,48322,71919
1334492164,48334,71953
1334492223,48351,71985
1334492283,48373,72032
1334492344,48399,72063
1334492403,48426,72094
1334492462,48444,72138
1334492523,48466,72187
1334492582,48487,72219
1334492643,48505,72269
1334492703,48520,72310
1334492763,48535,72340
1334492824,48553,72387
1334492883,48571,72416
1334492943,48583,72462
1334493003,48605,72488
1334493063,48625,72531
1334493122,48636,72569
1334493183,48650,72603
1334493243,48670,72647
1334493302,48680,72690
1334493363,48697,72744
1334493423,48708,72787
1334493483,48716,72833
1334493543,48738,72888
1334493603,48748,72928
1334493664,48762,72977
1334493723,48778,73024
1334493783,48791,73073
1334493843,48804,73114
1334493901,48833,73161
1334493963,48855,73208
1334494023,48869,73259
1334494083,48884,73304
1334494142,48896,73342
1334494203,48913,73386
1334494263,48922,73422
1334494322,48939,73474
1334494383,48961,73533
1334494443,48986,73599
1334494502,49008,73641
1334494562,49025,73688
1334494623,49048,73747
1334494682,49071,73798
1334494743,49087,73851
1334494804,49094,73900
1334494864,49113,73951
1334494924,49126,74000
1334494982,49145,74053
1334495044,49158,74114
1334495102,49176,74177
1334495162,49194,74244
1334495222,49214,74289
1334495283,49228,74331
1334495342,49243,74373
1334495402,49253,74420
1334495462,49265,74467
1334495522,49274,74495
1334495583,49287,74514
1334495642,49293,74542
1334495702,49299,74561
1334495762,49301,74570
1334495822,49308,74602
1334495883,49325,74644
1334495943,49346,74699
1334496003,49369,74749
1334496063,49389,74808
1334496123,49423,74856
1334496183,49441,74906
1334496242,49469,74969
1334496303,49494,75019
1334496362,49519,75080
1334496422,49549,75131
1334496483,49574,75188
1334496542,49595,75255
1334496602,49612,75310
1334496662,49628,75376
1334496722,49647,75438
1334496782,49667,75509
1334496843,49687,75585
1334496902,49706,75641
1334496963,49720,75683
1334497023,49733,75747
1334497084,49754,75809
1334497143,49781,75869
1334497202,49796,75921
1334497263,49813,75974
1334497324,49834,76034
1334497382,49848,76099
1334497442,49857,76167
1334497503,49877,76233
1334497563,49899,76291
1334497623,49924,76368
1334497682,49930,76437
1334497742,49943,76503
1334497803,49953,76570
1334497862,49966,76624
1334497941,49973,76657
1334498037,49987,76721
1334498111,49999,76767
1334498222,50032,76851
1334498311,50052,76951
1334498364,50071,77012
1334498412,50091,77059
1334498464,50111,77118
1334498523,50131,77190
1334498583,50156,77235
1334498644,50178,77306
1334498704,50199,77363
1334498763,50213,77408
1334498822,50223,77481
1334498883,50244,77529
1334498948,50255,77586
1334499005,50262,77645
1334499068,50277,77717
1334499122,50301,77781
1334499183,50311,77834
1334499243,50317,77870
1334499303,50344,77960
1334499365,50367,78044
1334499424,50395,78118
1334499483,50414,78186
1334499542,50434,78250
1334499603,50448,78314
1334499662,50459,78378
1334499724,50468,78435
1334499784,50487,78491
1334499844,50502,78551
1334499902,50512,78621
1334499964,50529,78688
1334500024,50549,78755
1334500082,50564,78824
1334500142,50590,78907
1334500204,50607,78978
1334500262,50627,79045
1334500322,50648,79108
1334500382,50665,79174
1334500443,50680,79224
1334500504,50714,79307
1334500564,50731,79356
1334500624,50755,79421
1334500682,50782,79488
1334500743,50800,79551
1334500810,50815,79593
1334500894,50825,79650
1334500974,50856,79706
1334501034,50864,79756
1334501145,50890,79856
1334501216,50906,79940
1334501258,50927,79985
1334501317,50944,80059
1334501354,50965,80111
1334501410,50980,80176
1334501469,50997,80248
1334501525,51020,80318
1334501582,51044,80393
1334501642,51069,80462
1334501703,51087,80508
1334501763,51111,80568
1334501822,51125,80646
1334501883,51137,80706
1334501943,51151,80776
1334502002,51170,80838
1334502063,51190,80903
1334502123,51202,80978
1334502182,51217,81038
1334502243,51239,81119
1334502302,51263,81187
1334502362,51278,81246
1334502423,51293,81303
1334502482,51305,81365
1334502542,51325,81421
1334502602,51338,81492
1334502663,51364,81557
1334502723,51373,81610
1334502783,51399,81686
1334502843,51413,81741
1334502904,51434,81822
1334502962,51462,81880
1334503023,51484,81934
1334503082,51501,81998
1334503142,51519,82053
1334503203,51540,82125
1334503263,51556,82193
1334503323,51566,82239
1334503383,51589,82290
1334503444,51609,82341
1334503503,51622,82388
1334503563,51632,82429
1334503623,51649,82471
1334503682,51664,82513
1334503742,51670,82552
1334503802,51691,82586
1334503862,51707,82623
1334503922,51719,82659
1334503983,51736,82679
1334504046,51743,82706
1334504102,51755,82731
1334504164,51766,82749
1334504223,51772,82763
1334504283,51776,82773
1334504346,51778,82797
1334504403,51802,82876
1334504463,51821,82946
1334504523,51835,82987
1334504582,51860,83050
1334504642,51877,83106
1334504703,51896,83164
1334504765,51900,83194
1334504824,51920,83261
1334504884,51937,83316
1334504943,51946,83395
1334505005,51959,83435
1334505063,51976,83480
1334505416,52045,83708
1334505569,52106,83865
1334505622,52123,83917
1334505678,52144,83972
1334505724,52163,84019
1334505782,52205,84067
1334505843,52212,84108
1334505902,52227,84169
1334505962,52253,84209
1334506024,52271,84255
1334506083,52282,84284
1334506143,52308,84375
1334506204,52315,84403
1334506263,52330,84499
1334506323,52350,84574
1334506383,52361,84620
1334506443,52384,84657
1334506504,52396,84718
1334506563,52409,84775
1334506622,52421,84804
1334506683,52433,84861
1334506742,52443,84894
1334506803,52461,84947
1334506862,52475,84988
1334506922,52489,85025
1334506982,52505,85063
1334507042,52514,85113
1334507103,52532,85173
1334507162,52549,85217
1334507223,52562,85273
1334507282,52578,85312
1334507342,52588,85355
1334507403,52599,85390
1334507463,52608,85429
1334507524,52619,85464
1334507583,52638,85503
1334507642,52655,85538
1334507702,52669,85575
1334507762,52680,85605
1334507823,52686,85638
1334507883,52698,85672
1334507944,52717,85701
1334508002,52730,85747
1334508062,52740,85770
1334508122,52759,85811
1334508192,52771,85838
1334508242,52786,85872
1334508302,52801,85903
1334508362,52814,85942
1334508422,52830,85973
1334508482,52852,86010
1334508543,52867,86036
1334508602,52874,86079
1334508664,52889,86105
1334508725,52900,86122
1334509099,52959,86279
1334509142,52983,86310
1334509202,52992,86339
1334509262,53003,86358
1334509322,53018,86388
1334509383,53030,86421
1334509442,53048,86452
1334509502,53060,86475
1334509562,53068,86506
1334509622,53076,86536
1334509682,53086,86553
1334509744,53102,86580
1334509802,53112,86598
1334509863,53123,86624
1334509926,53138,86655
1334509982,53154,86678
1334510042,53161,86707
1334510103,53177,86743
1334510163,53184,86774
1334510223,53195,86798
1334510282,53203,86827
1334510343,53209,86849
1334510402,53220,86867
1334510463,53229,86892
1334510522,53238,86912
1334510582,53250,86930
1334510643,53266,86948
1334510702,53280,86966
1334510762,53292,86991
1334510823,53300,87009
1334510882,53316,87029
1334510942,53328,87044
1334511002,53344,87059
1334511062,53360,87075
1334511122,53374,87099
1334511182,53387,87124
1334511242,53397,87140
1334511303,53411,87159
1334511362,53427,87172
1334511423,53434,87196
1334511482,53451,87206
1334511542,53460,87232
1334511603,53467,87255
1334511663,53480,87277
1334511722,53491,87290
1334511782,53500,87302
1334511842,53516,87312
1334511902,53528,87327
1334511962,53539,87342
1334512022,53559,87356
1334512082,53575,87370
1334512142,53590,87382
1334512202,53600,87393
1334512262,53610,87403
1334512323,53624,87417
1334512382,53642,87429
1334512442,53655,87441
1334512502,53670,87456
1334512562,53675,87471
1334512622,53689,87486
1334512683,53699,87492
1334512742,53708,87503
1334512803,53714,87510
1334512863,53727,87520
1334512922,53739,87526
1334512982,53749,87534
1334513043,53770,87538
1334513102,53787,87546
1334513163,53798,87553
1334513222,53808,87562
1334513282,53820,87571
1334513342,53828,87577
1334513402,53839,87589
1334513463,53847,87594
1334513522,53858,87600
1334513583,53869,87608
1334513644,53876,87619
1334513702,53882,87623
1334513762,53897,87626
1334513827,53904,87635
1334513882,53916,87642
1334513942,53926,87651
1334514002,53928,87653
1334514063,53928,87653
1334514123,53928,87653
1334514182,53929,87653
1334514243,53929,87654
1334514302,53929,87654
1334514362,53929,87654
1334514424,53930,87654
1334514483,53931,87654
1334514543,53931,87654
1334514603,53931,87655
1334514663,53931,87655
1334514722,53931,87655
1334514782,53931,87655
1334514842,53931,87655
1334514902,53931,87655
1334514962,53931,87655
1334515023,53931,87655
1334515083,53931,87655
1334515142,53931,87655
1334515202,53931,87655
1334515262,53931,87655
1334515323,53931,87655
1334515382,53931,87655
1334515442,53931,87655
1334515502,53931,87655
1334515563,53931,87655
1334515622,53931,87655
1334515683,53931,87655
1334515742,53931,87655
1334515802,53931,87655
1334515862,53931,87655
1334515922,53931,87655
1334515982,53931,87655
1334516043,53931,87655
1334516102,53931,87655
1334516162,53931,87655
1334516222,53931,87655
1334516282,53931,87655
1334516343,53931,87655
1334516403,53931,87655
1334516463,53931,87655
1334516522,53931,87655
1334516583,53931,87655
1334516642,53931,87655
1334516703,53931,87655
1334516762,53931,87655
1334516823,53931,87655
1334516882,53931,87655
1334516942,53931,87655
1334517002,53931,87655
1334517062,53931,87655
1334517122,53931,87655